$ 1 0.000005 10.20027730826997 38 5 50 5e-11
f 704 608 784 608 32 1 0.1
f 784 528 848 528 32 1 0.1
r 784 528 704 528 0 1000
a 624 528 704 528 8 9 0.7000000000000001 1000000 2.571312342686391e-8 0.05 100000
w 784 528 784 592 0
g 848 608 848 640 0 0
g 784 624 784 672 0 0
r 848 608 848 544 0 0.1
w 624 512 624 480 0
w 624 480 880 480 0
w 880 480 880 544 0
w 880 544 848 544 0
34 fwdrop\q11 1 9.32e-11 0.042 16.739620405831808 0 1
d 848 384 848 512 2 fwdrop\q11
L 704 608 656 608 0 1 false 5 0
R 848 384 848 320 0 0 40 12 0 0 0.5
R 624 544 560 544 0 0 40 0.05 0 0 0.5
o 12 64 0 4099 10 0.8 0 2 12 3
